hundred = (100/1000)/(9.58/3600)
marathon = 42.195/(2+(1/60)+(39/3600))